Efficiency Table:
-----------------
           [-2.5,-1.5][-1.5,-0.5][-0.5, 0.5][ 0.5, 1.5][ 1.5, 2.5]
[  30,  60] 0.6823373  0.8361224  0.8311012  0.8353806  0.6837924 
[  60,8000] 0.7568763  0.8842372  0.8695859  0.8835485  0.7583964 

Low Errors Table:
-----------------
           [-2.5,-1.5][-1.5,-0.5][-0.5, 0.5][ 0.5, 1.5][ 1.5, 2.5]
[  30,  60] 0.0004896  0.0002950  0.0002676  0.0002957  0.0004896 
[  60,8000] 0.0024531  0.0012923  0.0011730  0.0012948  0.0024535 

High Errors Table:
------------------
           [-2.5,-1.5][-1.5,-0.5][-0.5, 0.5][ 0.5, 1.5][ 1.5, 2.5]
[  30,  60] 0.0004892  0.0002946  0.0002672  0.0002953  0.0004891 
[  60,8000] 0.0024365  0.0012800  0.0011641  0.0012825  0.0024367 


Efficiency:
-----------
[-3.2, 3.2]
 0.7966637 

Low Errors:
-----------
[-3.2, 3.2]
 0.0001500 

High Errors:
------------
[-3.2, 3.2]
 0.0001499 


