Efficiency Table:
-----------------
           [   0, 0.8][ 0.8, 1.2][ 1.2, 2.1]
[  30,  50] 0.9854444  0.9875939  0.9777944 
[  50,8000] 0.9828297  0.9841767  0.9694026 

Low Errors Table:
-----------------
           [   0, 0.8][ 0.8, 1.2][ 1.2, 2.1]
[  30,  50] 0.0000765  0.0001083  0.0001107 
[  50,8000] 0.0002041  0.0002927  0.0003194 

High Errors Table:
------------------
           [   0, 0.8][ 0.8, 1.2][ 1.2, 2.1]
[  30,  50] 0.0000761  0.0001073  0.0001101 
[  50,8000] 0.0002017  0.0002875  0.0003162 


Efficiency:
-----------
[-3.2, 3.2]
 0.9826380 

Low Errors:
-----------
[-3.2, 3.2]
 0.0000525 

High Errors:
------------
[-3.2, 3.2]
 0.0000523 


