Efficiency Table:
-----------------
           [   0, 0.8][ 0.8, 1.2][ 1.2, 2.1]
[  30,  50] 0.9788586  0.9838362  0.9774472 
[  50,8000] 0.9624922  0.9506727  0.9473613 

Low Errors Table:
-----------------
           [   0, 0.8][ 0.8, 1.2][ 1.2, 2.1]
[  30,  50] 0.0006829  0.0014366  0.0001421 
[  50,8000] 0.0067714  0.0480462  0.0112473 

High Errors Table:
------------------
           [   0, 0.8][ 0.8, 1.2][ 1.2, 2.1]
[  30,  50] 0.0006829  0.0014366  0.0001421 
[  50,8000] 0.0067714  0.0480462  0.0112473 


Efficiency:
-----------
[-3.2, 3.2]
 0.9729240 

Low Errors:
-----------
[-3.2, 3.2]
 0.0005600 

High Errors:
------------
[-3.2, 3.2]
 0.0005600 


