Efficiency Table:
-----------------
           [   0, 0.8][ 0.8, 1.2][ 1.2, 2.1]
[  30,  50] 0.9716722  0.9778608  0.9685197 
[  50,8000] 0.9122778  0.9088782  0.8702924 

Low Errors Table:
-----------------
           [   0, 0.8][ 0.8, 1.2][ 1.2, 2.1]
[  30,  50] 0.0007527  0.0013545  0.0011159 
[  50,8000] 0.0037813  0.0058966  0.0050763 

High Errors Table:
------------------
           [   0, 0.8][ 0.8, 1.2][ 1.2, 2.1]
[  30,  50] 0.0007431  0.0012751  0.0011159 
[  50,8000] 0.0037904  0.0058631  0.0051026 


Efficiency:
-----------
[-3.2, 3.2]
 0.9688596 

Low Errors:
-----------
[-3.2, 3.2]
 0.0006376 

High Errors:
------------
[-3.2, 3.2]
 0.0006376 


