Efficiency Table:
-----------------
           [-2.5,-1.5][-1.5,-0.5][-0.5, 0.5][ 0.5, 1.5][ 1.5, 2.5]
[  30,  50] 0.6997773  0.9292260  0.9056533  0.9282413  0.6628620 
[  50,  80] 0.7347092  0.9554031  0.9205228  0.9550562  0.7053364 
[  80,8000] 0.7705882  0.9827160  0.9401869  0.9564165  0.7738095 

Low Errors Table:
-----------------
           [-2.5,-1.5][-1.5,-0.5][-0.5, 0.5][ 0.5, 1.5][ 1.5, 2.5]
[  30,  50] 0.0037009  0.0014558  0.0014841  0.0014714  0.0038835 
[  50,  80] 0.0088283  0.0030352  0.0034552  0.0030444  0.0092378 
[  80,8000] 0.0368322  0.0091855  0.0120943  0.0125181  0.0369399 

High Errors Table:
------------------
           [-2.5,-1.5][-1.5,-0.5][-0.5, 0.5][ 0.5, 1.5][ 1.5, 2.5]
[  30,  50] 0.0036752  0.0014290  0.0014636  0.0014443  0.0038618 
[  50,  80] 0.0086483  0.0028558  0.0033260  0.0028654  0.0090756 
[  80,8000] 0.0333714  0.0063526  0.0103006  0.0100450  0.0333931 


Efficiency:
-----------
[-3.2, 3.2]
 0.8695011 

Low Errors:
-----------
[-3.2, 3.2]
 0.0008494 

High Errors:
------------
[-3.2, 3.2]
 0.0008448 


