
  RooFitResult: minimized FCN value: -75855.8, estimated distance to minimum: 8.62967e-05
                covariance matrix quality: Approximation only, not accurate

    Constant Parameter    Value     
  --------------------  ------------
              peakFail    9.1188e+01
              peakPass    9.1188e+01

    Floating Parameter  InitialValue    FinalValue +/-  Error     GblCorr.
  --------------------  ------------  --------------------------  --------
              NbkgFail    4.9450e+02    3.8609e+03 +/-  6.91e+01  <none>
              NbkgPass    5.0000e+01    2.4513e+02 +/-  6.73e+01  <none>
                  Nsig    1.4338e+04    1.3818e+04 +/-  1.22e+02  <none>
              alfaFail    5.0000e+01    1.8461e+01 +/-  1.35e+01  <none>
              alfaPass    5.0000e+01    1.6761e+02 +/-  2.96e+00  <none>
              betaFail    1.0000e-02    2.8559e+00 +/-  3.80e+00  <none>
              betaPass    1.0000e-02    7.5208e-02 +/-  1.58e-03  <none>
                   eff    8.0000e-01    9.2153e-01 +/-  3.78e-03  <none>
             gammaFail    1.0000e-01    5.0315e-10 +/-  8.91e-05  <none>
             gammaPass    1.0000e-01    7.7664e-01 +/-  3.29e-02  <none>
              meanFail    0.0000e+00    1.3236e+00 +/-  6.08e-01  <none>
              meanPass    0.0000e+00   -8.3803e-02 +/-  2.50e-02  <none>
             sigmaFail    2.0000e+00    4.9991e+00 +/-  7.29e-01  <none>
             sigmaPass    2.0000e+00    1.8274e-02 +/-  1.21e-01  <none>


  Correlation Matrix
 --------------------
   1.0000   0.0000   0.0000   0.0000   0.0000   0.0000   0.0000   0.0000   0.0000   0.0000   0.0000   0.0000   0.0000   0.0000
   0.0000   1.0000   0.0000   0.0000   0.0000   0.0000   0.0000   0.0000   0.0000   0.0000   0.0000   0.0000   0.0000   0.0000
   0.0000   0.0000   1.0000   0.0000   0.0000   0.0000   0.0000   0.0000   0.0000   0.0000   0.0000   0.0000   0.0000   0.0000
   0.0000   0.0000   0.0000   1.0000   0.0000   0.0000   0.0000   0.0000   0.0000   0.0000   0.0000   0.0000   0.0000   0.0000
   0.0000   0.0000   0.0000   0.0000   1.0000   0.0000   0.0000   0.0000   0.0000   0.0000   0.0000   0.0000   0.0000   0.0000
   0.0000   0.0000   0.0000   0.0000   0.0000   1.0000   0.0000   0.0000   0.0000   0.0000   0.0000   0.0000   0.0000   0.0000
   0.0000   0.0000   0.0000   0.0000   0.0000   0.0000   1.0000   0.0000   0.0000   0.0000   0.0000   0.0000   0.0000   0.0000
   0.0000   0.0000   0.0000   0.0000   0.0000   0.0000   0.0000   1.0000   0.0000   0.0000   0.0000   0.0000   0.0000   0.0000
   0.0000   0.0000   0.0000   0.0000   0.0000   0.0000   0.0000   0.0000   1.0000   0.0000   0.0000   0.0000   0.0000   0.0000
   0.0000   0.0000   0.0000   0.0000   0.0000   0.0000   0.0000   0.0000   0.0000   1.0000   0.0000   0.0000   0.0000   0.0000
   0.0000   0.0000   0.0000   0.0000   0.0000   0.0000   0.0000   0.0000   0.0000   0.0000   1.0000   0.0000   0.0000   0.0000
   0.0000   0.0000   0.0000   0.0000   0.0000   0.0000   0.0000   0.0000   0.0000   0.0000   0.0000   1.0000   0.0000   0.0000
   0.0000   0.0000   0.0000   0.0000   0.0000   0.0000   0.0000   0.0000   0.0000   0.0000   0.0000   0.0000   1.0000   0.0000
   0.0000   0.0000   0.0000   0.0000   0.0000   0.0000   0.0000   0.0000   0.0000   0.0000   0.0000   0.0000   0.0000   1.0000
