Efficiency Table:
-----------------
           [   0, 0.8][ 0.8, 1.2][ 1.2, 2.1]
[  30,  50] 0.9782000  0.9840757  0.9762100 
[  50,8000] 0.9582300  0.9215300  0.9395700 

Low Errors Table:
-----------------
           [   0, 0.8][ 0.8, 1.2][ 1.2, 2.1]
[  30,  50] 0.0007490  0.0004989  0.0009340 
[  50,8000] 0.0021400  0.0037800  0.0110000 

High Errors Table:
------------------
           [   0, 0.8][ 0.8, 1.2][ 1.2, 2.1]
[  30,  50] 0.0007490  0.0004989  0.0009340 
[  50,8000] 0.0021400  0.0037800  0.0110000 


Efficiency:
-----------
[-3.2, 3.2]
 0.9775700 

Low Errors:
-----------
[-3.2, 3.2]
 0.0000854 

High Errors:
------------
[-3.2, 3.2]
 0.0000854 


