Efficiency Table:
-----------------
           [   0, 0.8][ 0.8, 1.2][ 1.2, 2.1]
[  30,  50] 0.9848703  0.9880549  0.9776195 
[  50,8000] 0.9822964  0.9842480  0.9698016 

Low Errors Table:
-----------------
           [   0, 0.8][ 0.8, 1.2][ 1.2, 2.1]
[  30,  50] 0.0000774  0.0001061  0.0001123 
[  50,8000] 0.0002063  0.0002921  0.0003199 

High Errors Table:
------------------
           [   0, 0.8][ 0.8, 1.2][ 1.2, 2.1]
[  30,  50] 0.0000770  0.0001051  0.0001118 
[  50,8000] 0.0002039  0.0002869  0.0003166 


Efficiency:
-----------
[-3.2, 3.2]
 0.9824794 

Low Errors:
-----------
[-3.2, 3.2]
 0.0000527 

High Errors:
------------
[-3.2, 3.2]
 0.0000526 


