Efficiency Table:
-----------------
           [   0, 0.8][ 0.8, 1.2][ 1.2, 2.1]
[  30,  50] 0.9775284  0.9836061  0.9770937 
[  50,8000] 0.9552821  0.9677448  0.9683210 

Low Errors Table:
-----------------
           [   0, 0.8][ 0.8, 1.2][ 1.2, 2.1]
[  30,  50] 0.0000858  0.0013313  0.0047337 
[  50,8000] 0.0067703  0.0075043  0.0072279 

High Errors Table:
------------------
           [   0, 0.8][ 0.8, 1.2][ 1.2, 2.1]
[  30,  50] 0.0000858  0.0012905  0.0013697 
[  50,8000] 0.0208429  0.0075043  0.0068786 


Efficiency:
-----------
[-3.2, 3.2]
 0.9743006 

Low Errors:
-----------
[-3.2, 3.2]
 0.0006825 

High Errors:
------------
[-3.2, 3.2]
 0.0006825 


