Efficiency Table:
-----------------
           [   0, 0.8][ 0.8, 1.2][ 1.2, 2.1]
[  30,  50] 0.9980903  0.9985812  0.9977640 
[  50,8000] 0.9984338  0.9986472  0.9981739 

Low Errors Table:
-----------------
           [   0, 0.8][ 0.8, 1.2][ 1.2, 2.1]
[  30,  50] 0.0000287  0.0000406  0.0000444 
[  50,8000] 0.0000548  0.0000764  0.0000768 

High Errors Table:
------------------
           [   0, 0.8][ 0.8, 1.2][ 1.2, 2.1]
[  30,  50] 0.0000283  0.0000395  0.0000436 
[  50,8000] 0.0000530  0.0000724  0.0000738 


Efficiency:
-----------
[-3.2, 3.2]
 0.9981661 

Low Errors:
-----------
[-3.2, 3.2]
 0.0000182 

High Errors:
------------
[-3.2, 3.2]
 0.0000181 


