Efficiency Table:
-----------------
           [   0, 0.8][ 0.8, 1.2][ 1.2, 2.1]
[  30,  50] 0.9981287  0.9986009  0.9977456 
[  50,8000] 0.9984544  0.9985183  0.9978046 

Low Errors Table:
-----------------
           [   0, 0.8][ 0.8, 1.2][ 1.2, 2.1]
[  30,  50] 0.0000201  0.0000283  0.0000317 
[  50,8000] 0.0000380  0.0000561  0.0000507 

High Errors Table:
------------------
           [   0, 0.8][ 0.8, 1.2][ 1.2, 2.1]
[  30,  50] 0.0000199  0.0000277  0.0000313 
[  50,8000] 0.0000371  0.0000541  0.0000496 


Efficiency:
-----------
[-3.2, 3.2]
 0.9981506 

Low Errors:
-----------
[-3.2, 3.2]
 0.0000128 

High Errors:
------------
[-3.2, 3.2]
 0.0000127 


