Efficiency Table:
-----------------
           [-2.5,-1.5][-1.5,-0.5][-0.5, 0.5][ 0.5, 1.5][ 1.5, 2.5]
[  30,  50] 0.6962359  0.9274536  0.9053886  0.9280338  0.6651492 
[  50,  80] 0.7329157  0.9530214  0.9250295  0.9545323  0.7112510 
[  80,8000] 0.7635783  0.9742931  0.9385475  0.9668712  0.7601156 

Low Errors Table:
-----------------
           [-2.5,-1.5][-1.5,-0.5][-0.5, 0.5][ 0.5, 1.5][ 1.5, 2.5]
[  30,  50] 0.0026286  0.0010314  0.0010435  0.0010336  0.0027630 
[  50,  80] 0.0062351  0.0021667  0.0023310  0.0021426  0.0064958 
[  80,8000] 0.0264759  0.0070118  0.0082315  0.0075238  0.0251699 

High Errors Table:
------------------
           [-2.5,-1.5][-1.5,-0.5][-0.5, 0.5][ 0.5, 1.5][ 1.5, 2.5]
[  30,  50] 0.0026159  0.0010181  0.0010334  0.0010202  0.0027518 
[  50,  80] 0.0061453  0.0020777  0.0022672  0.0020526  0.0064114 
[  80,8000] 0.0246832  0.0056553  0.0073634  0.0062667  0.0235745 


Efficiency:
-----------
[-3.2, 3.2]
 0.8698303 

Low Errors:
-----------
[-3.2, 3.2]
 0.0005990 

High Errors:
------------
[-3.2, 3.2]
 0.0005966 


