
  RooFitResult: minimized FCN value: -1.78508e+06, estimated distance to minimum: 0.79521
                covariance matrix quality: Approximation only, not accurate

    Constant Parameter    Value     
  --------------------  ------------
              peakFail    9.1188e+01
              peakPass    9.1188e+01

    Floating Parameter  InitialValue    FinalValue +/-  Error     GblCorr.
  --------------------  ------------  --------------------------  --------
              NbkgFail    3.4645e+03    2.8816e+04 +/-  1.82e+02  <none>
              NbkgPass    5.0000e+01    4.4236e+02 +/-  1.29e+02  <none>
                  Nsig    1.9564e+05    2.1529e+05 +/-  4.68e+02  <none>
              alfaFail    5.0000e+01    1.5640e+01 +/-  1.92e+02  <none>
              alfaPass    5.0000e+01    6.2146e+00 +/-  4.43e+01  <none>
              betaFail    1.0000e-02    1.3923e+00 +/-  2.91e+00  <none>
              betaPass    1.0000e-02    3.1756e-02 +/-  5.71e+00  <none>
                   eff    8.0000e-01    9.7292e-01 +/-  5.60e-04  <none>
             gammaFail    1.0000e-01    4.7535e-03 +/-  3.47e-04  <none>
             gammaPass    1.0000e-01    2.3801e-04 +/-  2.58e-03  <none>
              meanFail    0.0000e+00   -9.3036e-02 +/-  9.73e-02  <none>
              meanPass    0.0000e+00   -1.2553e-01 +/-  6.24e-03  <none>
             sigmaFail    2.0000e+00    1.4051e+00 +/-  2.07e-01  <none>
             sigmaPass    2.0000e+00    1.9954e-02 +/-  4.16e-02  <none>


  Correlation Matrix
 --------------------
   1.0000   0.0000   0.0000   0.0000   0.0000   0.0000   0.0000   0.0000   0.0000   0.0000   0.0000   0.0000   0.0000   0.0000
   0.0000   1.0000   0.0000   0.0000   0.0000   0.0000   0.0000   0.0000   0.0000   0.0000   0.0000   0.0000   0.0000   0.0000
   0.0000   0.0000   1.0000   0.0000   0.0000   0.0000   0.0000   0.0000   0.0000   0.0000   0.0000   0.0000   0.0000   0.0000
   0.0000   0.0000   0.0000   1.0000   0.0000   0.0000   0.0000   0.0000   0.0000   0.0000   0.0000   0.0000   0.0000   0.0000
   0.0000   0.0000   0.0000   0.0000   1.0000   0.0000   0.0000   0.0000   0.0000   0.0000   0.0000   0.0000   0.0000   0.0000
   0.0000   0.0000   0.0000   0.0000   0.0000   1.0000   0.0000   0.0000   0.0000   0.0000   0.0000   0.0000   0.0000   0.0000
   0.0000   0.0000   0.0000   0.0000   0.0000   0.0000   1.0000   0.0000   0.0000   0.0000   0.0000   0.0000   0.0000   0.0000
   0.0000   0.0000   0.0000   0.0000   0.0000   0.0000   0.0000   1.0000   0.0000   0.0000   0.0000   0.0000   0.0000   0.0000
   0.0000   0.0000   0.0000   0.0000   0.0000   0.0000   0.0000   0.0000   1.0000   0.0000   0.0000   0.0000   0.0000   0.0000
   0.0000   0.0000   0.0000   0.0000   0.0000   0.0000   0.0000   0.0000   0.0000   1.0000   0.0000   0.0000   0.0000   0.0000
   0.0000   0.0000   0.0000   0.0000   0.0000   0.0000   0.0000   0.0000   0.0000   0.0000   1.0000   0.0000   0.0000   0.0000
   0.0000   0.0000   0.0000   0.0000   0.0000   0.0000   0.0000   0.0000   0.0000   0.0000   0.0000   1.0000   0.0000   0.0000
   0.0000   0.0000   0.0000   0.0000   0.0000   0.0000   0.0000   0.0000   0.0000   0.0000   0.0000   0.0000   1.0000   0.0000
   0.0000   0.0000   0.0000   0.0000   0.0000   0.0000   0.0000   0.0000   0.0000   0.0000   0.0000   0.0000   0.0000   1.0000
