
  RooFitResult: minimized FCN value: -595888, estimated distance to minimum: 25.5933
                covariance matrix quality: Approximation only, not accurate

    Constant Parameter    Value     
  --------------------  ------------
              peakFail    9.1188e+01
              peakPass    9.1188e+01

    Floating Parameter  InitialValue    FinalValue +/-  Error     GblCorr.
  --------------------  ------------  --------------------------  --------
              NbkgFail    7.3890e+02    5.5978e+03 +/-  8.14e+01  <none>
              NbkgPass    5.0000e+01    4.5489e+01 +/-  1.92e+01  <none>
                  Nsig    7.2350e+04    8.4796e+04 +/-  2.93e+02  <none>
              alfaFail    5.0000e+01    6.4695e+01 +/-  4.65e-01  <none>
              alfaPass    5.0000e+01    9.7884e+00 +/-  4.26e+01  <none>
              betaFail    3.0000e-02    6.9336e-02 +/-  4.03e-02  <none>
              betaPass    3.0000e-02    1.8462e-01 +/-  1.40e-01  <none>
                   eff    8.0000e-01    9.7886e-01 +/-  6.83e-04  <none>
             gammaFail    1.0000e-01    3.5493e-02 +/-  9.00e-04  <none>
             gammaPass    1.0000e-01    1.4731e-01 +/-  7.96e-02  <none>
              meanFail    0.0000e+00    1.9778e-01 +/-  1.19e-01  <none>
              meanPass    0.0000e+00   -1.1438e-01 +/-  9.45e-03  <none>
             sigmaFail    2.0000e+00    4.1194e-01 +/-  2.75e-01  <none>
             sigmaPass    2.0000e+00    1.7050e-02 +/-  1.42e-02  <none>


  Correlation Matrix
 --------------------
   1.0000   0.0000   0.0000   0.0000   0.0000   0.0000   0.0000   0.0000   0.0000   0.0000   0.0000   0.0000   0.0000   0.0000
   0.0000   1.0000   0.0000   0.0000   0.0000   0.0000   0.0000   0.0000   0.0000   0.0000   0.0000   0.0000   0.0000   0.0000
   0.0000   0.0000   1.0000   0.0000   0.0000   0.0000   0.0000   0.0000   0.0000   0.0000   0.0000   0.0000   0.0000   0.0000
   0.0000   0.0000   0.0000   1.0000   0.0000   0.0000   0.0000   0.0000   0.0000   0.0000   0.0000   0.0000   0.0000   0.0000
   0.0000   0.0000   0.0000   0.0000   1.0000   0.0000   0.0000   0.0000   0.0000   0.0000   0.0000   0.0000   0.0000   0.0000
   0.0000   0.0000   0.0000   0.0000   0.0000   1.0000   0.0000   0.0000   0.0000   0.0000   0.0000   0.0000   0.0000   0.0000
   0.0000   0.0000   0.0000   0.0000   0.0000   0.0000   1.0000   0.0000   0.0000   0.0000   0.0000   0.0000   0.0000   0.0000
   0.0000   0.0000   0.0000   0.0000   0.0000   0.0000   0.0000   1.0000   0.0000   0.0000   0.0000   0.0000   0.0000   0.0000
   0.0000   0.0000   0.0000   0.0000   0.0000   0.0000   0.0000   0.0000   1.0000   0.0000   0.0000   0.0000   0.0000   0.0000
   0.0000   0.0000   0.0000   0.0000   0.0000   0.0000   0.0000   0.0000   0.0000   1.0000   0.0000   0.0000   0.0000   0.0000
   0.0000   0.0000   0.0000   0.0000   0.0000   0.0000   0.0000   0.0000   0.0000   0.0000   1.0000   0.0000   0.0000   0.0000
   0.0000   0.0000   0.0000   0.0000   0.0000   0.0000   0.0000   0.0000   0.0000   0.0000   0.0000   1.0000   0.0000   0.0000
   0.0000   0.0000   0.0000   0.0000   0.0000   0.0000   0.0000   0.0000   0.0000   0.0000   0.0000   0.0000   1.0000   0.0000
   0.0000   0.0000   0.0000   0.0000   0.0000   0.0000   0.0000   0.0000   0.0000   0.0000   0.0000   0.0000   0.0000   1.0000
