
  RooFitResult: minimized FCN value: -422197, estimated distance to minimum: 2178.86
                covariance matrix quality: Full matrix, but forced positive-definite

    Constant Parameter    Value     
  --------------------  ------------
              peakFail    9.1188e+01
              peakPass    9.1188e+01

    Floating Parameter  InitialValue    FinalValue +/-  Error     GblCorr.
  --------------------  ------------  --------------------------  --------
              NbkgFail    9.1140e+02    7.7210e+03 +/-  1.37e+01  <none>
              NbkgPass    5.0000e+01    7.0771e-04 +/-  4.39e+01  <none>
                  Nsig    5.5523e+04    6.1687e+04 +/-  3.71e+01  <none>
              alfaFail    5.0000e+01    1.3369e+02 +/-  1.33e-01  <none>
              alfaPass    5.0000e+01    4.3959e+01 +/-  1.19e+01  <none>
              betaFail    3.0000e-02    2.1716e-02 +/-  2.42e-05  <none>
              betaPass    3.0000e-02    1.4664e-01 +/-  1.30e-02  <none>
                   eff    8.0000e-01    9.7745e-01 +/-  1.42e-04  <none>
             gammaFail    1.0000e-01    7.0775e-02 +/-  1.05e-04  <none>
             gammaPass    1.0000e-01    1.9766e-02 +/-  9.87e-01  <none>
              meanFail    0.0000e+00   -2.9483e-01 +/-  2.45e-02  <none>
              meanPass    0.0000e+00   -1.3996e-01 +/-  1.80e-03  <none>
             sigmaFail    2.0000e+00    1.1713e-02 +/-  5.62e-06  <none>
             sigmaPass    2.0000e+00    2.3351e-02 +/-  3.68e-03  <none>


  Correlation Matrix
 --------------------
   1.0000  -0.0002  -0.0009   0.0006   0.0000   0.0009   0.0000   0.0098  -0.0006   0.0002   0.0009  -0.0000   0.0000   0.0000
  -0.0002   1.0000  -0.1051  -0.0000  -0.2771  -0.0000  -0.0006  -0.0254   0.0000  -0.9990  -0.0000   0.0302   0.0000  -0.0583
  -0.0009  -0.1051   1.0000  -0.0002   0.0291  -0.0003   0.0001  -0.0006   0.0002   0.1050  -0.0003  -0.0032  -0.0000   0.0061
   0.0006  -0.0000  -0.0002   1.0000   0.0000  -0.0212   0.0000   0.0021   0.0213   0.0000  -0.0023  -0.0000   0.0000   0.0000
   0.0000  -0.2771   0.0291   0.0000   1.0000   0.0000   0.0002   0.0070  -0.0000   0.2768   0.0000  -0.0084  -0.0000   0.0161
   0.0009  -0.0000  -0.0003  -0.0212   0.0000   1.0000   0.0000   0.0030   0.0211   0.0000  -0.0022  -0.0000   0.0000   0.0000
   0.0000  -0.0006   0.0001   0.0000   0.0002   0.0000   1.0000   0.0000  -0.0000   0.0006   0.0000  -0.0000  -0.0000   0.0000
   0.0098  -0.0254  -0.0006   0.0021   0.0070   0.0030   0.0000   1.0000  -0.0019   0.0253   0.0030  -0.0008   0.0000   0.0015
  -0.0006   0.0000   0.0002   0.0213  -0.0000   0.0211  -0.0000  -0.0019   1.0000  -0.0000   0.0023   0.0000  -0.0000  -0.0000
   0.0002  -0.9990   0.1050   0.0000   0.2768   0.0000   0.0006   0.0253  -0.0000   1.0000   0.0000  -0.0301  -0.0000   0.0582
   0.0009  -0.0000  -0.0003  -0.0023   0.0000  -0.0022   0.0000   0.0030   0.0023   0.0000   1.0000  -0.0000  -0.0000   0.0000
  -0.0000   0.0302  -0.0032  -0.0000  -0.0084  -0.0000  -0.0000  -0.0008   0.0000  -0.0301  -0.0000   1.0000   0.0000  -0.0004
   0.0000   0.0000  -0.0000   0.0000  -0.0000   0.0000  -0.0000   0.0000  -0.0000  -0.0000  -0.0000   0.0000   1.0000  -0.0000
   0.0000  -0.0583   0.0061   0.0000   0.0161   0.0000   0.0000   0.0015  -0.0000   0.0582   0.0000  -0.0004  -0.0000   1.0000
