Efficiency Table:
-----------------
           [-2.5,-1.5][-1.5,-0.5][-0.5, 0.5][ 0.5, 1.5][ 1.5, 2.5]
[  30,  50] 0.6926269  0.9257054  0.9051263  0.9278280  0.6675404 
[  50,  80] 0.7310795  0.9506005  0.9293794  0.9539913  0.7173739 
[  80,8000] 0.7552448  0.9651475  0.9369202  0.9776119  0.7471910 

Low Errors Table:
-----------------
           [-2.5,-1.5][-1.5,-0.5][-0.5, 0.5][ 0.5, 1.5][ 1.5, 2.5]
[  30,  50] 0.0037605  0.0014776  0.0014808  0.0014691  0.0039585 
[  50,  80] 0.0089721  0.0032036  0.0032215  0.0031288  0.0092966 
[  80,8000] 0.0412781  0.0122943  0.0122897  0.0100575  0.0368002 

High Errors Table:
------------------
           [-2.5,-1.5][-1.5,-0.5][-0.5, 0.5][ 0.5, 1.5][ 1.5, 2.5]
[  30,  50] 0.0037353  0.0014513  0.0014606  0.0014423  0.0039352 
[  50,  80] 0.0087907  0.0030234  0.0030940  0.0029443  0.0091188 
[  80,8000] 0.0373786  0.0094527  0.0105267  0.0072853  0.0337941 


Efficiency:
-----------
[-3.2, 3.2]
 0.8701597 

Low Errors:
-----------
[-3.2, 3.2]
 0.0008479 

High Errors:
------------
[-3.2, 3.2]
 0.0008432 


