Efficiency Table:
-----------------
           [   0, 0.8][ 0.8, 1.2][ 1.2, 2.1]
[  30,  50] 0.9851554  0.9878249  0.9777079 
[  50,8000] 0.9825620  0.9842123  0.9696005 

Low Errors Table:
-----------------
           [   0, 0.8][ 0.8, 1.2][ 1.2, 2.1]
[  30,  50] 0.0000543  0.0000756  0.0000787 
[  50,8000] 0.0001446  0.0002057  0.0002253 

High Errors Table:
------------------
           [   0, 0.8][ 0.8, 1.2][ 1.2, 2.1]
[  30,  50] 0.0000541  0.0000751  0.0000785 
[  50,8000] 0.0001434  0.0002031  0.0002237 


Efficiency:
-----------
[-3.2, 3.2]
 0.9825587 

Low Errors:
-----------
[-3.2, 3.2]
 0.0000372 

High Errors:
------------
[-3.2, 3.2]
 0.0000371 


