Efficiency Table:
-----------------
           [-2.1,-1.2][-1.2,-0.8][-0.8,   0][   0, 0.8][ 0.8, 1.2][ 1.2, 2.1]
[  30,  50] 0.9146249  0.9081381  0.8998245  0.8997538  0.9049350  0.9191583 
[  50,  70] 0.9403563  0.9421819  0.9445523  0.9368481  0.9337948  0.9427111 
[  70,8000] 0.9484243  0.9526344  0.9457225  0.9571787  0.9200202  0.9461946 

Low Errors Table:
-----------------
           [-2.1,-1.2][-1.2,-0.8][-0.8,   0][   0, 0.8][ 0.8, 1.2][ 1.2, 2.1]
[  30,  50] 0.0001525  0.0004530  0.0011302  0.0010000  0.0001942  0.0010866 
[  50,  70] 0.0029592  0.0034237  0.0024784  0.0026200  0.0035443  0.0029567 
[  70,8000] 0.0084539  0.0091964  0.0061710  0.0057242  0.0158940  0.0089649 

High Errors Table:
------------------
           [-2.1,-1.2][-1.2,-0.8][-0.8,   0][   0, 0.8][ 0.8, 1.2][ 1.2, 2.1]
[  30,  50] 0.0001525  0.0004530  0.0011302  0.0010000  0.0001942  0.0010866 
[  50,  70] 0.0029592  0.0034237  0.0024784  0.0026200  0.0035443  0.0029567 
[  70,8000] 0.0084539  0.0091964  0.0061710  0.0057242  0.0158940  0.0089649 


Efficiency:
-----------
[-3.2, 3.2]
 0.9124975 

Low Errors:
-----------
[-3.2, 3.2]
 0.0004727 

High Errors:
------------
[-3.2, 3.2]
 0.0004727 


