
  RooFitResult: minimized FCN value: -223053, estimated distance to minimum: 1.24805e-05
                covariance matrix quality: Approximation only, not accurate

    Constant Parameter    Value     
  --------------------  ------------
              peakFail    9.1188e+01
              peakPass    9.1188e+01

    Floating Parameter  InitialValue    FinalValue (+HiError,-LoError)    GblCorr.
  --------------------  ------------  ----------------------------------  --------
              NbkgFail    2.8830e+02    2.2820e+03         +/-  5.17e+01  <none>
              NbkgPass    5.0000e+01    0.0000e+00         +/-  5.14e-01  <none>
                  Nsig    3.1159e+04    3.6668e+04         +/-  1.92e+02  <none>
              alfaFail    5.0000e+01    6.0956e+01         +/-  9.51e-01  <none>
              alfaPass    5.0000e+01    1.9942e+02         +/-  1.05e+02  <none>
              betaFail    3.0000e-02    7.0000e-02         +/-  1.22e-02  <none>
              betaPass    3.0000e-02    1.7720e-01         +/-  5.35e-02  <none>
                   eff    8.0000e-01    9.8361e-01 (+1.29e-03,-1.33e-03)  <none>
             gammaFail    1.0000e-01    2.5449e-02         +/-  1.34e-03  <none>
             gammaPass    1.0000e-01    7.1399e-01         +/-  3.80e-01  <none>
              meanFail    0.0000e+00   -3.8422e-01         +/-  2.50e-01  <none>
              meanPass    0.0000e+00   -1.1616e-01         +/-  1.51e-02  <none>
             sigmaFail    2.0000e+00    1.0531e+00         +/-  4.59e-01  <none>
             sigmaPass    2.0000e+00    4.9140e-03         +/-  3.24e+00  <none>


  Correlation Matrix
 --------------------
   1.0000   0.0000   0.0000   0.0000   0.0000   0.0000   0.0000   0.0000   0.0000   0.0000   0.0000   0.0000   0.0000   0.0000
   0.0000   1.0000   0.0000   0.0000   0.0000   0.0000   0.0000   0.0000   0.0000   0.0000   0.0000   0.0000   0.0000   0.0000
   0.0000   0.0000   1.0000   0.0000   0.0000   0.0000   0.0000   0.0000   0.0000   0.0000   0.0000   0.0000   0.0000   0.0000
   0.0000   0.0000   0.0000   1.0000   0.0000   0.0000   0.0000   0.0000   0.0000   0.0000   0.0000   0.0000   0.0000   0.0000
   0.0000   0.0000   0.0000   0.0000   1.0000   0.0000   0.0000   0.0000   0.0000   0.0000   0.0000   0.0000   0.0000   0.0000
   0.0000   0.0000   0.0000   0.0000   0.0000   1.0000   0.0000   0.0000   0.0000   0.0000   0.0000   0.0000   0.0000   0.0000
   0.0000   0.0000   0.0000   0.0000   0.0000   0.0000   1.0000   0.0000   0.0000   0.0000   0.0000   0.0000   0.0000   0.0000
   0.0000   0.0000   0.0000   0.0000   0.0000   0.0000   0.0000   1.0000   0.0000   0.0000   0.0000   0.0000   0.0000   0.0000
   0.0000   0.0000   0.0000   0.0000   0.0000   0.0000   0.0000   0.0000   1.0000   0.0000   0.0000   0.0000   0.0000   0.0000
   0.0000   0.0000   0.0000   0.0000   0.0000   0.0000   0.0000   0.0000   0.0000   1.0000   0.0000   0.0000   0.0000   0.0000
   0.0000   0.0000   0.0000   0.0000   0.0000   0.0000   0.0000   0.0000   0.0000   0.0000   1.0000   0.0000   0.0000   0.0000
   0.0000   0.0000   0.0000   0.0000   0.0000   0.0000   0.0000   0.0000   0.0000   0.0000   0.0000   1.0000   0.0000   0.0000
   0.0000   0.0000   0.0000   0.0000   0.0000   0.0000   0.0000   0.0000   0.0000   0.0000   0.0000   0.0000   1.0000   0.0000
   0.0000   0.0000   0.0000   0.0000   0.0000   0.0000   0.0000   0.0000   0.0000   0.0000   0.0000   0.0000   0.0000   1.0000
