
  RooFitResult: minimized FCN value: -30808.8, estimated distance to minimum: 1.41078e+11
                covariance matrix quality: Full matrix, but forced positive-definite

    Constant Parameter    Value     
  --------------------  ------------
              peakFail    9.1188e+01
              peakPass    9.1188e+01

    Floating Parameter  InitialValue    FinalValue +/-  Error     GblCorr.
  --------------------  ------------  --------------------------  --------
              NbkgFail    2.1740e+02    1.9601e+03 +/-  6.56e+01  <none>
              NbkgPass    5.0000e+01    6.0816e+01 +/-  6.42e+01  <none>
                  Nsig    6.9200e+03    6.6291e+03 +/-  1.12e+02  <none>
              alfaFail    5.0000e+01    1.2821e+02 +/-  3.00e+01  <none>
              alfaPass    5.0000e+01    1.3191e+02 +/-  1.51e+02  <none>
              betaFail    3.0000e-02    1.7137e-02 +/-  3.20e-03  <none>
              betaPass    3.0000e-02    7.2996e-02 +/-  6.02e-02  <none>
                   eff    8.0000e-01    9.6774e-01 +/-  7.50e-03  <none>
             gammaFail    1.0000e-01    2.7802e-02 +/-  1.34e-02  <none>
             gammaPass    1.0000e-01    3.1894e-01 +/-  8.40e-01  <none>
              meanFail    0.0000e+00   -1.0760e-02 +/-  6.49e-01  <none>
              meanPass    0.0000e+00   -1.1583e-01 +/-  3.64e-02  <none>
             sigmaFail    2.0000e+00    4.8788e-03 +/-  6.33e-01  <none>
             sigmaPass    2.0000e+00    4.7398e-03 +/-  8.41e-02  <none>


  Correlation Matrix
 --------------------
   1.0000   0.0058  -0.3184  -0.0279  -0.0090   0.3489   0.0031   0.7090  -0.2094   0.0083   0.3076   0.0012  -0.0052  -0.0008
   0.0058   1.0000  -0.5453  -0.0266   0.1038   0.0226  -0.3867  -0.0300   0.0114   0.0085   0.0050   0.0353   0.0001  -0.1874
  -0.3184  -0.5453   1.0000   0.0323  -0.0616  -0.2138   0.2052  -0.3915   0.1130   0.0054  -0.1799  -0.0173   0.0029   0.1038
  -0.0279  -0.0266   0.0323   1.0000  -0.0009  -0.4101   0.0385  -0.0394  -0.7448  -0.0187  -0.0351  -0.0066  -0.0022   0.0051
  -0.0090   0.1038  -0.0616  -0.0009   1.0000   0.0037  -0.5350  -0.0128  -0.0020  -0.8845  -0.0026   0.0770   0.0002  -0.0163
   0.3489   0.0226  -0.2138  -0.4101   0.0037   1.0000  -0.0269   0.4527  -0.2956   0.0091   0.2518   0.0054   0.0070  -0.0042
   0.0031  -0.3867   0.2052   0.0385  -0.5350  -0.0269   1.0000   0.0190  -0.0204   0.0930  -0.0005  -0.1952  -0.0003   0.0703
   0.7090  -0.0300  -0.3915  -0.0394  -0.0128   0.4527   0.0190   1.0000  -0.2685   0.0069   0.3971   0.0004  -0.0067   0.0061
  -0.2094   0.0114   0.1130  -0.7448  -0.0020  -0.2956  -0.0204  -0.2685   1.0000   0.0132  -0.1497   0.0030  -0.0043  -0.0023
   0.0083   0.0085   0.0054  -0.0187  -0.8845   0.0091   0.0930   0.0069   0.0132   1.0000   0.0028   0.0114  -0.0000   0.0008
   0.3076   0.0050  -0.1799  -0.0351  -0.0026   0.2518  -0.0005   0.3971  -0.1497   0.0028   1.0000   0.0010   0.1174  -0.0008
   0.0012   0.0353  -0.0173  -0.0066   0.0770   0.0054  -0.1952   0.0004   0.0030   0.0114   0.0010   1.0000   0.0000   0.1371
  -0.0052   0.0001   0.0029  -0.0022   0.0002   0.0070  -0.0003  -0.0067  -0.0043  -0.0000   0.1174   0.0000   1.0000  -0.0000
  -0.0008  -0.1874   0.1038   0.0051  -0.0163  -0.0042   0.0703   0.0061  -0.0023   0.0008  -0.0008   0.1371  -0.0000   1.0000
