
  RooFitResult: minimized FCN value: -1.75507e+06, estimated distance to minimum: 5.20477e+06
                covariance matrix quality: Full, accurate covariance matrix

    Constant Parameter    Value     
  --------------------  ------------
              peakFail    9.1188e+01
              peakPass    9.1188e+01

    Floating Parameter  InitialValue    FinalValue +/-  Error     GblCorr.
  --------------------  ------------  --------------------------  --------
              NbkgFail    2.8948e+03    2.3417e+04 +/-  2.03e+02  <none>
              NbkgPass    5.0000e+01    6.6389e+02 +/-  1.59e+02  <none>
                  Nsig    1.9126e+05    2.1498e+05 +/-  5.05e+02  <none>
              alfaFail    5.0000e+01    6.0791e+01 +/-  8.93e-03  <none>
              alfaPass    5.0000e+01    1.8166e+02 +/-  1.40e+02  <none>
              betaFail    1.0000e-02    9.4086e+00 +/-  1.87e-01  <none>
              betaPass    1.0000e-02    1.0647e-02 +/-  9.81e-03  <none>
                   eff    8.0000e-01    9.7430e-01 +/-  6.83e-04  <none>
             gammaFail    1.0000e-01    6.2429e-03 +/-  3.97e-04  <none>
             gammaPass    1.0000e-01    2.2704e-02 +/-  3.71e-02  <none>
              meanFail    0.0000e+00   -2.3956e-01 +/-  8.98e-02  <none>
              meanPass    0.0000e+00   -1.2582e-01 +/-  6.27e-03  <none>
             sigmaFail    2.0000e+00    1.0952e+00 +/-  2.24e-01  <none>
             sigmaPass    2.0000e+00    2.0357e-02 +/-  3.84e+00  <none>


  Correlation Matrix
 --------------------
   1.0000   0.0018  -0.1700  -0.0142  -0.0029  -0.0090   0.0024   0.5650  -0.0806   0.0014   0.0151  -0.0006   0.3425  -0.0094
   0.0018   1.0000  -0.3019   0.0016  -0.2400   0.0010   0.3528  -0.0251  -0.0293   0.2915  -0.0040   0.0253   0.0010  -0.0067
  -0.1700  -0.3019   1.0000   0.0049   0.0754   0.0031  -0.1087  -0.2162   0.0443  -0.0890  -0.0040  -0.0067  -0.1353   0.0157
  -0.0142   0.0016   0.0049   1.0000  -0.0017   0.1043   0.0015  -0.0193  -0.0537   0.0009  -0.0082  -0.0003  -0.0119  -0.0049
  -0.0029  -0.2400   0.0754  -0.0017   1.0000  -0.0011  -0.5249   0.0029   0.0318  -0.3754   0.0042   0.0117  -0.0020   0.0036
  -0.0090   0.0010   0.0031   0.1043  -0.0011   1.0000   0.0009  -0.0123  -0.0341   0.0006  -0.0052  -0.0002  -0.0076  -0.0031
   0.0024   0.3528  -0.1087   0.0015  -0.5249   0.0009   1.0000  -0.0067  -0.0275   0.9639  -0.0036  -0.0361   0.0015  -0.0030
   0.5650  -0.0251  -0.2162  -0.0193   0.0029  -0.0123  -0.0067   1.0000  -0.0976  -0.0063   0.0217  -0.0015   0.4522  -0.0115
  -0.0806  -0.0293   0.0443  -0.0537   0.0318  -0.0341  -0.0275  -0.0976   1.0000  -0.0167   0.1307   0.0060  -0.0538   0.0932
   0.0014   0.2915  -0.0890   0.0009  -0.3754   0.0006   0.9639  -0.0063  -0.0167   1.0000  -0.0022  -0.0220   0.0009  -0.0021
   0.0151  -0.0040  -0.0040  -0.0082   0.0042  -0.0052  -0.0036   0.0217   0.1307  -0.0022   1.0000   0.0008   0.0247   0.0121
  -0.0006   0.0253  -0.0067  -0.0003   0.0117  -0.0002  -0.0361  -0.0015   0.0060  -0.0220   0.0008   1.0000  -0.0004  -0.0208
   0.3425   0.0010  -0.1353  -0.0119  -0.0020  -0.0076   0.0015   0.4522  -0.0538   0.0009   0.0247  -0.0004   1.0000  -0.0065
  -0.0094  -0.0067   0.0157  -0.0049   0.0036  -0.0031  -0.0030  -0.0115   0.0932  -0.0021   0.0121  -0.0208  -0.0065   1.0000
