
  RooFitResult: minimized FCN value: -599019, estimated distance to minimum: 3.48614e-05
                covariance matrix quality: Full matrix, but forced positive-definite

    Constant Parameter    Value     
  --------------------  ------------
              peakFail    9.1188e+01
              peakPass    9.1188e+01

    Floating Parameter  InitialValue    FinalValue +/-  Error     GblCorr.
  --------------------  ------------  --------------------------  --------
              NbkgFail    4.4615e+03    4.4613e+03 +/-  9.59e+00  <none>
              NbkgPass    1.5980e+01    1.6312e+01 +/-  1.26e+00  <none>
                  Nsig    8.5928e+04    8.5922e+04 +/-  3.82e+01  <none>
              alfaFail    6.4490e+01    6.4488e+01 +/-  6.77e-02  <none>
              alfaPass    1.0856e+02    1.5206e+02 +/-  1.21e+02  <none>
              betaFail    6.9990e-02    7.0000e-02 +/-  8.82e-05  <none>
              betaPass    8.1032e-03    6.3659e-03 +/-  1.67e-01  <none>
                   eff    9.7754e-01    9.7753e-01 +/-  8.58e-05  <none>
             gammaFail    3.6506e-02    3.6500e-02 +/-  1.32e-04  <none>
             gammaPass    4.2028e-01    4.1424e-01 +/-  3.60e-02  <none>
              meanFail   -1.7259e-01   -1.7306e-01 +/-  1.41e-02  <none>
              meanPass   -1.1674e-01   -1.1664e-01 +/-  1.22e-03  <none>
             sigmaFail    6.0217e-01    6.0853e-01 +/-  3.12e-02  <none>
             sigmaPass    1.9129e-02    1.8921e-02 +/-  1.85e-03  <none>


  Correlation Matrix
 --------------------
   1.0000  -0.0000  -0.0008   0.0024   0.0000   0.0004  -0.0000   0.0067  -0.0014   0.0000   0.0004  -0.0000  -0.0019   0.0000
  -0.0000   1.0000  -0.0005  -0.0000  -0.0171  -0.0000   0.0175  -0.0001   0.0000  -0.0034  -0.0000   0.0005   0.0000  -0.0004
  -0.0008  -0.0005   1.0000  -0.0005   0.0001  -0.0001  -0.0001  -0.0014   0.0003   0.0000  -0.0001  -0.0000   0.0004   0.0000
   0.0024  -0.0000  -0.0005   1.0000   0.0000   0.0024  -0.0000   0.0042   0.0139  -0.0000  -0.0004  -0.0000  -0.0012  -0.0000
   0.0000  -0.0171   0.0001   0.0000   1.0000   0.0000  -0.9990   0.0000  -0.0000  -0.3163  -0.0000   0.0046  -0.0000  -0.0064
   0.0004  -0.0000  -0.0001   0.0024   0.0000   1.0000  -0.0000   0.0007   0.0020  -0.0000  -0.0012  -0.0000  -0.0002   0.0000
  -0.0000   0.0175  -0.0001  -0.0000  -0.9990  -0.0000   1.0000  -0.0000   0.0000   0.3172   0.0000  -0.0046   0.0000   0.0064
   0.0067  -0.0001  -0.0014   0.0042   0.0000   0.0007  -0.0000   1.0000  -0.0025   0.0000   0.0007  -0.0000  -0.0033   0.0000
  -0.0014   0.0000   0.0003   0.0139  -0.0000   0.0020   0.0000  -0.0025   1.0000  -0.0000   0.0019   0.0000   0.0008  -0.0000
   0.0000  -0.0034   0.0000  -0.0000  -0.3163  -0.0000   0.3172   0.0000  -0.0000   1.0000   0.0000  -0.0013  -0.0000   0.0018
   0.0004  -0.0000  -0.0001  -0.0004  -0.0000  -0.0012   0.0000   0.0007   0.0019   0.0000   1.0000  -0.0000   0.0013   0.0000
  -0.0000   0.0005  -0.0000  -0.0000   0.0046  -0.0000  -0.0046  -0.0000   0.0000  -0.0013  -0.0000   1.0000   0.0000  -0.0001
  -0.0019   0.0000   0.0004  -0.0012  -0.0000  -0.0002   0.0000  -0.0033   0.0008  -0.0000   0.0013   0.0000   1.0000  -0.0000
   0.0000  -0.0004   0.0000  -0.0000  -0.0064   0.0000   0.0064   0.0000  -0.0000   0.0018   0.0000  -0.0001  -0.0000   1.0000
