Efficiency Table:
-----------------
           [   0, 0.8][ 0.8, 1.2][ 1.2, 2.1]
[  30,  50] 0.9981677  0.9986207  0.9977264 
[  50,8000] 0.9984746  0.9983850  0.9975820 

Low Errors Table:
-----------------
           [   0, 0.8][ 0.8, 1.2][ 1.2, 2.1]
[  30,  50] 0.0000284  0.0000401  0.0000457 
[  50,8000] 0.0000536  0.0000846  0.0000677 

High Errors Table:
------------------
           [   0, 0.8][ 0.8, 1.2][ 1.2, 2.1]
[  30,  50] 0.0000279  0.0000390  0.0000449 
[  50,8000] 0.0000518  0.0000805  0.0000659 


Efficiency:
-----------
[-3.2, 3.2]
 0.9981355 

Low Errors:
-----------
[-3.2, 3.2]
 0.0000182 

High Errors:
------------
[-3.2, 3.2]
 0.0000180 


