
  RooFitResult: minimized FCN value: -596157, estimated distance to minimum: 0.000448018
                covariance matrix quality: Full, accurate covariance matrix

    Constant Parameter    Value     
  --------------------  ------------
              massFail    9.1188e+01
              massPass    9.1188e+01
             widthFail    2.4952e+00
             widthPass    2.4952e+00

    Floating Parameter  InitialValue    FinalValue +/-  Error     GblCorr.
  --------------------  ------------  --------------------------  --------
              NbkgFail    1.0020e-02    1.0001e-02 +/-  1.35e+01  <none>
              NbkgPass    5.1493e-09    3.5410e-09 +/-  1.02e+00  <none>
                  Nsig    9.0198e+04    9.0198e+04 +/-  1.60e+01  <none>
             alphaFail    6.4937e-01    6.4938e-01 +/-  5.19e-02  <none>
             alphaPass    1.0257e+00    1.0257e+00 +/-  3.98e-02  <none>
                   eff    8.9975e-01    8.9975e-01 +/-  1.00e-03  <none>
              meanFail    6.0785e-02    6.0775e-02 +/-  6.75e-02  <none>
              meanPass   -8.8386e-02   -8.8378e-02 +/-  1.93e-02  <none>
                 nFail    2.9398e+00    2.9397e+00 +/-  2.50e-01  <none>
                 nPass    4.0551e+00    4.0552e+00 +/-  2.41e-01  <none>
             sigmaFail    1.1341e+00    1.1341e+00 +/-  7.25e-02  <none>
             sigmaPass    1.0019e+00    1.0019e+00 +/-  2.41e-02  <none>
                 tFail   -1.8331e-07   -1.0715e-09 +/-  6.16e-01  <none>
                 tPass   -1.7843e-05   -3.9453e-01 +/-  7.30e-01  <none>


  Correlation Matrix
 --------------------
   1.0000   0.0000   0.0018  -0.0020   0.0000   0.0053   0.0003  -0.0000   0.0038  -0.0000  -0.0009   0.0000  -0.1233   0.0000
   0.0000   1.0000   0.0004  -0.0000  -0.0009  -0.0001   0.0000   0.0005   0.0000   0.0016  -0.0000  -0.0002  -0.0000   0.0621
   0.0018   0.0004   1.0000  -0.0000  -0.0000   0.0000   0.0000   0.0000   0.0000   0.0000  -0.0000  -0.0000  -0.0002   0.0000
  -0.0020  -0.0000  -0.0000   1.0000  -0.0001  -0.0000  -0.8055   0.0001  -0.7448   0.0001   0.6428  -0.0001   0.0001   0.0000
   0.0000  -0.0009  -0.0000  -0.0001   1.0000   0.0000   0.0001  -0.8345   0.0001  -0.7860  -0.0000   0.7542  -0.0000  -0.0001
   0.0053  -0.0001   0.0000  -0.0000   0.0000   1.0000  -0.0000  -0.0000   0.0000  -0.0000   0.0000   0.0000  -0.0007  -0.0000
   0.0003   0.0000   0.0000  -0.8055   0.0001  -0.0000   1.0000  -0.0000   0.4092  -0.0000  -0.6966   0.0000  -0.0000  -0.0000
  -0.0000   0.0005   0.0000   0.0001  -0.8345  -0.0000  -0.0000   1.0000  -0.0001   0.4916   0.0000  -0.7449   0.0000   0.0000
   0.0038   0.0000   0.0000  -0.7448   0.0001   0.0000   0.4092  -0.0001   1.0000  -0.0000  -0.0501   0.0001  -0.0002  -0.0000
  -0.0000   0.0016   0.0000   0.0001  -0.7860  -0.0000  -0.0000   0.4916  -0.0000   1.0000   0.0000  -0.3024   0.0000   0.0001
  -0.0009  -0.0000  -0.0000   0.6428  -0.0000   0.0000  -0.6966   0.0000  -0.0501   0.0000   1.0000  -0.0000   0.0001   0.0000
   0.0000  -0.0002  -0.0000  -0.0001   0.7542   0.0000   0.0000  -0.7449   0.0001  -0.3024  -0.0000   1.0000  -0.0000  -0.0000
  -0.1233  -0.0000  -0.0002   0.0001  -0.0000  -0.0007  -0.0000   0.0000  -0.0002   0.0000   0.0001  -0.0000   1.0000  -0.0000
   0.0000   0.0621   0.0000   0.0000  -0.0001  -0.0000  -0.0000   0.0000  -0.0000   0.0001   0.0000  -0.0000  -0.0000   1.0000
