
  RooFitResult: minimized FCN value: -217797, estimated distance to minimum: 7.09594e-07
                covariance matrix quality: Full matrix, but forced positive-definite

    Constant Parameter    Value     
  --------------------  ------------
              massFail    9.1188e+01
              massPass    9.1188e+01
             widthFail    2.4952e+00
             widthPass    2.4952e+00

    Floating Parameter  InitialValue    FinalValue +/-  Error     GblCorr.
  --------------------  ------------  --------------------------  --------
              NbkgFail    3.6220e+02    1.0000e-02 +/-  1.90e-01  <none>
              NbkgPass    5.0000e+01    4.9621e-07 +/-  3.00e+01  <none>
                  Nsig    3.0480e+04    3.8100e+04 +/-  2.67e-01  <none>
             alphaFail    5.0000e+00    6.2348e-01 +/-  2.35e-03  <none>
             alphaPass    5.0000e+00    1.4892e+00 +/-  2.69e-03  <none>
                   eff    8.0000e-01    9.0494e-01 +/-  1.94e-04  <none>
              meanFail    0.0000e+00    1.3617e-01 +/-  7.68e-03  <none>
              meanPass    0.0000e+00   -2.8631e-01 +/-  2.02e-03  <none>
                 nFail    1.0000e+00    3.4811e+00 +/-  2.49e-02  <none>
                 nPass    1.0000e+00    2.5956e+00 +/-  1.05e-02  <none>
             sigmaFail    1.0000e+00    1.3229e+00 +/-  6.37e-03  <none>
             sigmaPass    1.0000e+00    1.3993e+00 +/-  2.44e-03  <none>
                 tFail   -1.0000e-01   -2.6799e-05 +/-  6.77e-01  <none>
                 tPass   -1.0000e-01   -2.0382e-03 +/-  7.15e-01  <none>


  Correlation Matrix
 --------------------
   1.0000  -0.0000   0.0001   0.0001  -0.0000   0.0002  -0.0000   0.0000   0.0002  -0.0000  -0.0002   0.0000  -0.0294  -0.0000
  -0.0000   1.0000   0.0004   0.0000   0.0005  -0.0001   0.0000   0.0000   0.0000   0.0007   0.0000  -0.0003   0.0000   0.9990
   0.0001   0.0004   1.0000   0.0000   0.0000  -0.0000   0.0000   0.0000   0.0000   0.0000  -0.0000  -0.0000  -0.0000   0.0004
   0.0001   0.0000   0.0000   1.0000   0.0000   0.0000  -0.0089  -0.0000  -0.0150   0.0000   0.0125  -0.0000   0.0000   0.0000
  -0.0000   0.0005   0.0000   0.0000   1.0000  -0.0000   0.0000  -0.0077   0.0000  -0.0148   0.0000   0.0089   0.0000   0.0005
   0.0002  -0.0001  -0.0000   0.0000  -0.0000   1.0000  -0.0000  -0.0000   0.0000  -0.0000  -0.0000   0.0000  -0.0000  -0.0001
  -0.0000   0.0000   0.0000  -0.0089   0.0000  -0.0000   1.0000  -0.0000  -0.0050   0.0000  -0.0005  -0.0000   0.0000   0.0000
   0.0000   0.0000   0.0000  -0.0000  -0.0077  -0.0000  -0.0000   1.0000   0.0000  -0.0043  -0.0000  -0.0015  -0.0000   0.0000
   0.0002   0.0000   0.0000  -0.0150   0.0000   0.0000  -0.0050   0.0000   1.0000   0.0000   0.0128  -0.0000   0.0000   0.0000
  -0.0000   0.0007   0.0000   0.0000  -0.0148  -0.0000   0.0000  -0.0043   0.0000   1.0000   0.0000   0.0070   0.0000   0.0007
  -0.0002   0.0000  -0.0000   0.0125   0.0000  -0.0000  -0.0005  -0.0000   0.0128   0.0000   1.0000  -0.0000  -0.0000   0.0000
   0.0000  -0.0003  -0.0000  -0.0000   0.0089   0.0000  -0.0000  -0.0015  -0.0000   0.0070  -0.0000   1.0000  -0.0000  -0.0003
  -0.0294   0.0000  -0.0000   0.0000   0.0000  -0.0000   0.0000  -0.0000   0.0000   0.0000  -0.0000  -0.0000   1.0000   0.0000
  -0.0000   0.9990   0.0004   0.0000   0.0005  -0.0001   0.0000   0.0000   0.0000   0.0007   0.0000  -0.0003   0.0000   1.0000
