
  RooFitResult: minimized FCN value: -392138, estimated distance to minimum: 0.000298938
                covariance matrix quality: Full, accurate covariance matrix

    Constant Parameter    Value     
  --------------------  ------------
              massFail    9.1188e+01
              massPass    9.1188e+01
             widthFail    2.4952e+00
             widthPass    2.4952e+00

    Floating Parameter  InitialValue    FinalValue +/-  Error     GblCorr.
  --------------------  ------------  --------------------------  --------
              NbkgFail    5.0880e+02    1.0008e-02 +/-  7.77e+00  <none>
              NbkgPass    5.0000e+01    1.6280e-06 +/-  1.11e+00  <none>
                  Nsig    5.0349e+04    6.2930e+04 +/-  1.97e+01  <none>
             alphaFail    5.0000e+00    7.2382e-01 +/-  9.16e-02  <none>
             alphaPass    5.0000e+00    1.5813e+00 +/-  4.57e-02  <none>
                   eff    8.0000e-01    9.1916e-01 +/-  1.09e-03  <none>
              meanFail    0.0000e+00   -1.2029e-01 +/-  1.28e-01  <none>
              meanPass    0.0000e+00   -3.5288e-01 +/-  1.56e-02  <none>
                 nFail    1.0000e+00    3.2570e+00 +/-  4.87e-01  <none>
                 nPass    1.0000e+00    2.4602e+00 +/-  1.44e-01  <none>
             sigmaFail    1.0000e+00    1.5932e+00 +/-  1.29e-01  <none>
             sigmaPass    1.0000e+00    1.5272e+00 +/-  1.83e-02  <none>
                 tFail   -1.0000e-01   -1.0474e-02 +/-  5.72e-01  <none>
                 tPass   -1.0000e-01   -2.7422e-01 +/-  7.40e-01  <none>


  Correlation Matrix
 --------------------
   1.0000  -0.0000   0.0024  -0.0044   0.0000   0.0084   0.0021  -0.0000   0.0079  -0.0000  -0.0029   0.0000  -0.1810  -0.0000
  -0.0000   1.0000   0.0002  -0.0000  -0.0007  -0.0001   0.0000   0.0001   0.0000   0.0011  -0.0000  -0.0001   0.0000   0.0496
   0.0024   0.0002   1.0000  -0.0000  -0.0000   0.0000   0.0000   0.0000   0.0000   0.0000  -0.0000  -0.0000  -0.0004   0.0000
  -0.0044  -0.0000  -0.0000   1.0000  -0.0000  -0.0000  -0.8681   0.0000  -0.8319   0.0000   0.7741  -0.0000   0.0005   0.0000
   0.0000  -0.0007  -0.0000  -0.0000   1.0000  -0.0000   0.0000  -0.5422   0.0000  -0.8712  -0.0000   0.4483  -0.0000  -0.0000
   0.0084  -0.0001   0.0000  -0.0000  -0.0000   1.0000   0.0000   0.0000   0.0001   0.0000  -0.0000  -0.0000  -0.0016  -0.0000
   0.0021   0.0000   0.0000  -0.8681   0.0000   0.0000   1.0000  -0.0000   0.5751  -0.0000  -0.8187   0.0000  -0.0002  -0.0000
  -0.0000   0.0001   0.0000   0.0000  -0.5422   0.0000  -0.0000   1.0000  -0.0000   0.3524   0.0000  -0.3771   0.0000   0.0000
   0.0079   0.0000   0.0000  -0.8319   0.0000   0.0001   0.5751  -0.0000   1.0000  -0.0000  -0.3646   0.0000  -0.0010  -0.0000
  -0.0000   0.0011   0.0000   0.0000  -0.8712   0.0000  -0.0000   0.3524  -0.0000   1.0000   0.0000  -0.2088   0.0000   0.0001
  -0.0029  -0.0000  -0.0000   0.7741  -0.0000  -0.0000  -0.8187   0.0000  -0.3646   0.0000   1.0000  -0.0000   0.0005   0.0000
   0.0000  -0.0001  -0.0000  -0.0000   0.4483  -0.0000   0.0000  -0.3771   0.0000  -0.2088  -0.0000   1.0000  -0.0000  -0.0000
  -0.1810   0.0000  -0.0004   0.0005  -0.0000  -0.0016  -0.0002   0.0000  -0.0010   0.0000   0.0005  -0.0000   1.0000   0.0000
  -0.0000   0.0496   0.0000   0.0000  -0.0000  -0.0000  -0.0000   0.0000  -0.0000   0.0001   0.0000  -0.0000   0.0000   1.0000
