
  RooFitResult: minimized FCN value: -386332, estimated distance to minimum: 0.00440627
                covariance matrix quality: Full matrix, but forced positive-definite

    Constant Parameter    Value     
  --------------------  ------------
              massFail    9.1188e+01
              massPass    9.1188e+01
             widthFail    2.4952e+00
             widthPass    2.4952e+00

    Floating Parameter  InitialValue    FinalValue +/-  Error     GblCorr.
  --------------------  ------------  --------------------------  --------
              NbkgFail    5.3220e+02    5.0522e+00 +/-  4.54e+00  <none>
              NbkgPass    5.0000e+01    5.9467e-05 +/-  3.77e+01  <none>
                  Nsig    4.9825e+04    6.2281e+04 +/-  9.34e+00  <none>
             alphaFail    5.0000e+00    7.0224e-01 +/-  2.32e-03  <none>
             alphaPass    5.0000e+00    1.4969e+00 +/-  2.27e-03  <none>
                   eff    8.0000e-01    9.1462e-01 +/-  1.53e-04  <none>
              meanFail    0.0000e+00   -1.3006e-01 +/-  7.35e-03  <none>
              meanPass    0.0000e+00   -3.4011e-01 +/-  1.74e-03  <none>
                 nFail    1.0000e+00    4.3443e+00 +/-  3.70e-02  <none>
                 nPass    1.0000e+00    2.8088e+00 +/-  1.04e-02  <none>
             sigmaFail    1.0000e+00    1.7313e+00 +/-  6.63e-03  <none>
             sigmaPass    1.0000e+00    1.5510e+00 +/-  2.03e-03  <none>
                 tFail   -1.0000e-01   -4.0148e-09 +/-  8.06e-04  <none>
                 tPass   -1.0000e-01   -7.2217e-04 +/-  7.54e-01  <none>


  Correlation Matrix
 --------------------
   1.0000  -0.0000  -0.0008  -0.0018  -0.0000  -0.0025   0.0002   0.0000  -0.0026  -0.0000   0.0022   0.0000   0.0078   0.0000
  -0.0000   1.0000   0.0026   0.0000   0.0028  -0.0008  -0.0000  -0.0000   0.0000   0.0040   0.0000  -0.0017  -0.0000  -0.9990
  -0.0008   0.0026   1.0000   0.0000   0.0000   0.0000  -0.0000  -0.0000   0.0000   0.0000  -0.0000  -0.0000  -0.0000  -0.0026
  -0.0018   0.0000   0.0000   1.0000   0.0000   0.0000  -0.0098   0.0000  -0.0162   0.0000   0.0134  -0.0000   0.0004  -0.0000
  -0.0000   0.0028   0.0000   0.0000   1.0000  -0.0000  -0.0000  -0.0082   0.0000  -0.0156   0.0000   0.0092  -0.0000  -0.0028
  -0.0025  -0.0008   0.0000   0.0000  -0.0000   1.0000  -0.0000   0.0000   0.0000  -0.0000  -0.0000   0.0000  -0.0001   0.0008
   0.0002  -0.0000  -0.0000  -0.0098  -0.0000  -0.0000   1.0000   0.0000  -0.0056  -0.0000  -0.0012  -0.0000   0.0002   0.0000
   0.0000  -0.0000  -0.0000   0.0000  -0.0082   0.0000   0.0000   1.0000   0.0000  -0.0046   0.0000  -0.0014   0.0000   0.0000
  -0.0026   0.0000   0.0000  -0.0162   0.0000   0.0000  -0.0056   0.0000   1.0000   0.0000   0.0131  -0.0000   0.0005  -0.0000
  -0.0000   0.0040   0.0000   0.0000  -0.0156  -0.0000  -0.0000  -0.0046   0.0000   1.0000   0.0000   0.0074  -0.0000  -0.0040
   0.0022   0.0000  -0.0000   0.0134   0.0000  -0.0000  -0.0012   0.0000   0.0131   0.0000   1.0000  -0.0000  -0.0002  -0.0000
   0.0000  -0.0017  -0.0000  -0.0000   0.0092   0.0000  -0.0000  -0.0014  -0.0000   0.0074  -0.0000   1.0000   0.0000   0.0017
   0.0078  -0.0000  -0.0000   0.0004  -0.0000  -0.0001   0.0002   0.0000   0.0005  -0.0000  -0.0002   0.0000   1.0000   0.0000
   0.0000  -0.9990  -0.0026  -0.0000  -0.0028   0.0008   0.0000   0.0000  -0.0000  -0.0040  -0.0000   0.0017   0.0000   1.0000
