
  RooFitResult: minimized FCN value: -218714, estimated distance to minimum: 9.04972e-06
                covariance matrix quality: Full matrix, but forced positive-definite

    Constant Parameter    Value     
  --------------------  ------------
              massFail    9.1188e+01
              massPass    9.1188e+01
             widthFail    2.4952e+00
             widthPass    2.4952e+00

    Floating Parameter  InitialValue    FinalValue +/-  Error     GblCorr.
  --------------------  ------------  --------------------------  --------
              NbkgFail    3.5000e+02    1.0009e-02 +/-  5.13e-01  <none>
              NbkgPass    5.0000e+01    7.0376e-08 +/-  1.59e+02  <none>
                  Nsig    3.0480e+04    3.8100e+04 +/-  1.50e+00  <none>
             alphaFail    5.0000e+00    7.0186e-01 +/-  6.48e-03  <none>
             alphaPass    5.0000e+00    1.6045e+00 +/-  6.88e-03  <none>
                   eff    8.0000e-01    9.0814e-01 +/-  4.53e-04  <none>
              meanFail    0.0000e+00   -1.2796e-01 +/-  1.92e-02  <none>
              meanPass    0.0000e+00   -3.0456e-01 +/-  4.68e-03  <none>
                 nFail    1.0000e+00    3.7091e+00 +/-  7.29e-02  <none>
                 nPass    1.0000e+00    2.2885e+00 +/-  2.14e-02  <none>
             sigmaFail    1.0000e+00    1.5323e+00 +/-  1.69e-02  <none>
             sigmaPass    1.0000e+00    1.3635e+00 +/-  5.72e-03  <none>
                 tFail   -1.0000e-01   -9.0621e-04 +/-  9.77e-01  <none>
                 tPass   -1.0000e-01   -1.2798e-02 +/-  8.43e-01  <none>


  Correlation Matrix
 --------------------
   1.0000   0.0000   0.0002   0.0003   0.0000   0.0005  -0.0000  -0.0000   0.0004   0.0000  -0.0004  -0.0000  -0.0451   0.0000
   0.0000   1.0000   0.0022  -0.0000   0.0028  -0.0007  -0.0000  -0.0000   0.0000   0.0044   0.0000  -0.0014   0.0000   0.9989
   0.0002   0.0022   1.0000   0.0000   0.0000  -0.0000  -0.0000  -0.0000   0.0000   0.0000  -0.0000  -0.0000  -0.0000   0.0022
   0.0003  -0.0000   0.0000   1.0000  -0.0000   0.0000  -0.0490  -0.0000  -0.0802  -0.0000   0.0630   0.0000   0.0002  -0.0000
   0.0000   0.0028   0.0000  -0.0000   1.0000  -0.0000  -0.0000  -0.0392   0.0000  -0.0814   0.0000   0.0433   0.0000   0.0028
   0.0005  -0.0007  -0.0000   0.0000  -0.0000   1.0000  -0.0000  -0.0000   0.0000  -0.0000  -0.0000   0.0000  -0.0000  -0.0007
  -0.0000  -0.0000  -0.0000  -0.0490  -0.0000  -0.0000   1.0000  -0.0000  -0.0254  -0.0000  -0.0123   0.0000   0.0001  -0.0000
  -0.0000  -0.0000  -0.0000  -0.0000  -0.0392  -0.0000  -0.0000   1.0000   0.0000  -0.0195   0.0000  -0.0102   0.0000  -0.0000
   0.0004   0.0000   0.0000  -0.0802   0.0000   0.0000  -0.0254   0.0000   1.0000   0.0000   0.0630  -0.0000   0.0003   0.0000
   0.0000   0.0044   0.0000  -0.0000  -0.0814  -0.0000  -0.0000  -0.0195   0.0000   1.0000   0.0000   0.0320   0.0000   0.0044
  -0.0004   0.0000  -0.0000   0.0630   0.0000  -0.0000  -0.0123   0.0000   0.0630   0.0000   1.0000  -0.0000  -0.0001   0.0000
  -0.0000  -0.0014  -0.0000   0.0000   0.0433   0.0000   0.0000  -0.0102  -0.0000   0.0320  -0.0000   1.0000  -0.0000  -0.0014
  -0.0451   0.0000  -0.0000   0.0002   0.0000  -0.0000   0.0001   0.0000   0.0003   0.0000  -0.0001  -0.0000   1.0000   0.0000
   0.0000   0.9989   0.0022  -0.0000   0.0028  -0.0007  -0.0000  -0.0000   0.0000   0.0044   0.0000  -0.0014   0.0000   1.0000
